15, 16
15, 17
15, 18
15, 19
15, 20
15, 21
15, 22
15, 23
15, 24
15, 25
15, 26
15, 27
15, 28
15, 29
15, 30
15, 31
15, 32
15, 33
15, 34
15, 35
15, 1015
15, 1230
15, 1332
16, 17
16, 18
16, 19
16, 20
16, 21
16, 22
16, 23
16, 24
16, 25
16, 26
16, 27
16, 28
16, 29
16, 30
16, 31
16, 32
16, 33
16, 34
16, 35
16, 1015
16, 1230
16, 1332
17, 18
17, 19
17, 20
17, 21
17, 22
17, 23
17, 24
17, 25
17, 26
17, 27
17, 28
17, 29
17, 30
17, 31
17, 32
17, 33
17, 34
17, 35
17, 1015
17, 1230
17, 1332
18, 19
18, 20
18, 21
18, 22
18, 23
18, 24
18, 25
18, 26
18, 27
18, 28
18, 29
18, 30
18, 31
18, 32
18, 33
18, 34
18, 35
18, 1015
18, 1230
18, 1332
19, 20
19, 21
19, 22
19, 23
19, 24
19, 25
19, 26
19, 27
19, 28
19, 29
19, 30
19, 31
19, 32
19, 33
19, 34
19, 35
19, 1015
19, 1230
19, 1332
20, 21
20, 22
20, 23
20, 24
20, 25
20, 26
20, 27
20, 28
20, 29
20, 30
20, 31
20, 32
20, 33
20, 34
20, 35
20, 1015
20, 1230
20, 1332
21, 22
21, 23
21, 24
21, 25
21, 26
21, 27
21, 28
21, 29
21, 30
21, 31
21, 32
21, 33
21, 34
21, 35
21, 1015
21, 1230
21, 1332
22, 23
22, 24
22, 25
22, 26
22, 27
22, 28
22, 29
22, 30
22, 31
22, 32
22, 33
22, 34
22, 35
22, 1015
22, 1230
22, 1332
23, 24
23, 25
23, 26
23, 27
23, 28
23, 29
23, 30
23, 31
23, 32
23, 33
23, 34
23, 35
23, 1015
23, 1230
23, 1332
24, 25
24, 26
24, 27
24, 28
24, 29
24, 30
24, 31
24, 32
24, 33
24, 34
24, 35
24, 1015
24, 1230
24, 1332
25, 26
25, 27
25, 28
25, 29
25, 30
25, 31
25, 32
25, 33
25, 34
25, 35
25, 1015
25, 1230
25, 1332
26, 27
26, 28
26, 29
26, 30
26, 31
26, 32
26, 33
26, 34
26, 35
26, 1015
26, 1230
26, 1332
27, 28
27, 29
27, 30
27, 31
27, 32
27, 33
27, 34
27, 35
27, 1015
27, 1230
27, 1332
28, 29
28, 30
28, 31
28, 32
28, 33
28, 34
28, 35
28, 1015
28, 1230
28, 1332
29, 30
29, 31
29, 32
29, 33
29, 34
29, 35
29, 1015
29, 1230
29, 1332
30, 31
30, 32
30, 33
30, 34
30, 35
30, 1015
30, 1230
30, 1332
31, 32
31, 33
31, 34
31, 35
31, 1015
31, 1230
31, 1332
32, 33
32, 34
32, 35
32, 1015
32, 1230
32, 1332
33, 34
33, 35
33, 1015
33, 1230
33, 1332
34, 35
34, 1015
34, 1230
34, 1332
35, 1015
35, 1230
35, 1332
1015, 1230
1015, 1332
1230, 1332
